0.01823131253146943
0.022521552488100876
0.026496150037447406
0.030110667209816665
0.03288199109316088
0.03495713031348837
0.03725677041197588
0.03937268143133539
0.038904159154373376
0.029757227365632168
0.014846914780818345
0.00728053456167671
0.006353169987169264
0.00670684912470378
0.007135295258742309
0.007556915398602447
0.007968245592825008
0.008366551256549571
0.008744046951794739
0.009099646063955458
0.00943491279244831
0.009737454310668253
0.010009641764808043
0.010256389650674833
0.010466535536060681
0.010632727225394212
0.010755313501800477
0.010832357429283165
0.010863126780723167
0.010845641166510829
0.010776564906988936
0.010652796516314351
0.01047047614093293
0.01019440692383412
0.009587936930585152
0.00799498186214883
0.005062712869146428
0.002133768428819119
0.0005342934931500936
8.0400085818216e-05
1.3803111725993787e-05
8.754275424961346e-06
8.75255357367765e-06
8.816945946926767e-06
8.874899115349038e-06
8.910060369893037e-06
8.92133376071384e-06
8.908842465380953e-06
8.764943466593815e-06
8.81356359824931e-06
8.737186472702449e-06
8.636436610326567e-06
8.510526913007288e-06
8.356915897263353e-06
8.178871136198293e-06
7.975488248906899e-06
7.745218450626806e-06
7.47119867487098e-06
7.148451343392004e-06
6.460434403519478e-06
5.59021044775331e-06
4.411444787746916e-06
3.38861009449373e-06
2.5612196901418465e-06
2.1219170294186878e-06
1.5372926353939082e-06
8.658731139550632e-07
3.548439811220308e-07
1.3942016698165214e-07
3.3868296061429272e-09
3.4700674533891234e-09
0.0
0.0
0.0
0.0
0.0
0.0
0.0
0.0
0.0
0.0
0.0
0.0
0.0
0.0
0.0
0.0
0.0
0.0
0.0
0.0
0.0
0.0
0.0
0.0
0.0
0.0
0.0
0.0
0.0
0.0
0.0
0.0
0.0
0.0
0.0
0.0
0.0
0.0
0.0
0.0
0.0
0.0
0.0
0.0
0.0
0.0
0.0
0.0
0.0
0.0
0.0
0.0
0.0
0.0
0.0
0.0
0.0
0.0
0.0
0.0
0.0
0.0
0.0
0.0
0.0
0.0
0.0
0.0
0.0
0.0
0.0
0.0
0.0
0.0
0.0
0.0
0.0
0.0
0.0
0.0
0.0
0.0
0.0
0.0
0.0
0.0
0.0
0.0
0.0
0.0
0.0
0.0
0.0
0.0
0.0
0.0
0.0
0.0
0.0
0.0
0.0
0.0
0.0
0.0
0.0
0.0
0.0
0.0
0.0
0.0
0.0
0.0
0.0
0.0
0.0
0.0
0.0
0.0
0.0
0.0
0.0
0.0
0.0
0.0
0.0
0.0
0.0
0.0
0.0